6.548261708946840010e+00
6.440478400783761437e+00
5.420108511494431625e+00
5.481977522792610635e+00
5.392901520353336586e+00
5.079832171795277240e+00
4.670580099278876851e+00
4.294321945361954107e+00
4.990308133230676013e+00
4.168413700134541600e+00
3.675320922256988254e+00
3.520260901418343025e+00
4.149985949245480477e+00
3.890140127075340626e+00
3.635055925321656112e+00
3.995674055434345728e+00
3.938734744515515640e+00
3.013811812610377228e+00
3.164322924219571842e+00
3.219793436334331904e+00
3.212071772636531097e+00
3.375497930971284699e+00
2.876277627713455853e+00
3.267862896625528091e+00
2.840943486125237172e+00
2.951923848314193410e+00
3.331043497338584736e+00
3.009771744731250198e+00
3.223523336187767985e+00
3.284714218666556551e+00
3.134976296048078481e+00
3.287215484072257610e+00
3.148969636537646277e+00
2.998379842130401762e+00
2.987033935430783771e+00
3.085846534172427713e+00
2.951707883347156169e+00
2.907460900768427337e+00
2.582302513803983235e+00
2.811399531454719547e+00
2.971897035412490506e+00
3.083287057358148342e+00
2.888707416613137013e+00
2.697606603815719151e+00
2.758706952357916631e+00
2.682397165413771933e+00
2.616595933007813013e+00
3.009479719470492309e+00
2.635924082312680827e+00
2.704349494713067958e+00
2.855802681536514065e+00
2.649836546327164477e+00
2.841815927651463181e+00
2.923485797641248940e+00
2.589459361648123625e+00
2.558448658506666806e+00
2.673547406780410363e+00
2.848351816706158779e+00
2.797674778537925011e+00
2.785166686784635637e+00
2.552070532336698783e+00
2.523992151150565189e+00
2.415665525685558368e+00
2.648995786203240499e+00
2.808230449229482950e+00
2.816314301819311972e+00
2.686769932270899108e+00
2.596914484935522793e+00
2.662296617229070517e+00
2.562517024085153583e+00
2.539162217917231956e+00
2.633246310704435267e+00
2.644733006402750330e+00
2.622476096070631257e+00
2.651251414779715709e+00
2.842913007570993855e+00
2.456851266501594910e+00
2.827086620374140047e+00
2.618489419178192446e+00
2.509574625403150794e+00
2.458846891646561783e+00
2.362225293977142204e+00
2.631293446262575664e+00
2.245660589053835920e+00
2.512986358405374876e+00
2.569054956345355745e+00
2.806014669768956082e+00
2.570524258751878399e+00
2.566655042608574799e+00
2.529680554162070383e+00
2.475327392664433024e+00
2.469469292025201046e+00
2.508107079047459997e+00
2.411900459548940834e+00
2.508192317856475118e+00
2.446163863541364059e+00
2.528260591927564693e+00
2.470575355515293392e+00
2.509293977459571057e+00
2.302386552408997922e+00
2.436847210820392462e+00
2.466642519157900892e+00
2.521560460358897249e+00
2.178932502754767242e+00
2.423391035156962303e+00
2.463943827798157127e+00
2.267462145970500664e+00
2.295432330343382787e+00
2.407516560167908271e+00
2.242871681863062960e+00
2.453076985166064095e+00
2.248610401797154434e+00
2.481014479626018066e+00
2.265929381670454656e+00
2.340937989647373652e+00
2.302285800395768689e+00
2.324169375818953220e+00
2.550105087213616617e+00
2.450719082082722711e+00
2.275014746955195566e+00
2.353268706278257127e+00
2.352742882160104632e+00
2.584082102093010924e+00
2.477162696152946264e+00
2.348283375801629713e+00
2.417804054201476482e+00
2.178025077352929273e+00
2.289417061751259475e+00
2.629202157432922959e+00
2.416544696122575164e+00
2.400283117357021379e+00
2.361966004400037455e+00
2.392612942504600770e+00
2.178222823817314246e+00
2.059780340107701058e+00
2.211044462886156747e+00
2.424250492791558909e+00
2.209095412071410358e+00
2.414554186814939829e+00
2.278901926147075763e+00
2.422250336470812115e+00
2.234527388248344515e+00
2.282477441881658464e+00
2.208380539150069044e+00
2.253736569511556986e+00
2.174288060668506439e+00
2.296680407200725860e+00
2.205585267375904657e+00
2.203722398993203768e+00
2.162422398571149706e+00
2.533088723357679761e+00
2.151667257303189640e+00
2.489187808818284164e+00
2.317171781082374871e+00
2.099926755332739425e+00
2.220938694239616318e+00
2.260412181211989946e+00
2.417427761008103637e+00
2.360514821507693206e+00
2.675827009191432015e+00
2.050767753713044872e+00
2.155942566759674772e+00
2.078673644528351794e+00
2.347775044007656575e+00
2.061051888512063446e+00
2.167670627045292786e+00
2.382997040131984434e+00
2.190007270163870867e+00
2.242520939968432714e+00
2.217148628121974774e+00
2.642518683605698193e+00
2.084617246536267121e+00
2.127069496333013898e+00
2.137264286098272681e+00
2.202778276113606104e+00
2.189000603332808215e+00
2.426358645403377867e+00
2.154457365276291725e+00
2.276047887377031564e+00
2.096792538523353677e+00
2.280251187772670995e+00
2.251507734491681845e+00
2.168685354960674161e+00
2.183067881517527731e+00
2.270474861082305562e+00
2.348559536759365685e+00
2.172983448679474794e+00
2.281923640068082459e+00
2.324119701346210043e+00
2.281387185319945221e+00
2.196517867063909613e+00
2.159347266582563929e+00
2.748179058057718560e+00
2.074986366054728748e+00
2.118665774839420646e+00
2.207199163445226375e+00
2.410927179648379770e+00
2.016115453288916726e+00
2.248745442767165592e+00
2.516919851819682030e+00
2.530316318549311827e+00
2.144927302841233008e+00
2.078051888874263842e+00
2.156323452315731526e+00
2.257145001105818061e+00
2.496929700097438865e+00
2.108834654910782369e+00
2.279521167486836752e+00
2.011882014853654699e+00
2.249758438053157228e+00
2.247394797839293634e+00
2.149849356934281364e+00
2.159192900093808820e+00
2.299609615550046726e+00
2.064014872896649866e+00
2.172315617069412230e+00
2.096065479500209605e+00
1.989899169453399619e+00
2.027009112651336320e+00
2.570579858406061291e+00
2.504867041125934168e+00
2.412913448903060587e+00
2.215879212759359618e+00
2.318410136572838010e+00
2.134121057089693796e+00
2.010912308649960512e+00
2.295562344640972530e+00
2.179758914678114667e+00
2.080398977746860556e+00
2.211595735012529929e+00
2.333189001367208082e+00
2.137615699846841633e+00
2.161180179187950134e+00
2.157882513807289904e+00
2.255852142634247937e+00
2.063565760312717323e+00
2.375864903346120549e+00
2.530263014379520392e+00
2.081721714745253582e+00
2.007795960353534248e+00
2.075956375162629541e+00
2.340832087719935117e+00
2.020142667173338680e+00
2.086863395635868201e+00
2.042035004024677747e+00
2.104652192640573904e+00
2.147464837682819816e+00
2.244399485772583525e+00
2.145270794899620803e+00
2.305379659885531840e+00
2.062775749313527474e+00
2.109412049653179189e+00
2.183748301782488355e+00
2.223585245131348476e+00
2.089152873590641502e+00
2.000054959815325883e+00
2.086953868574715543e+00
2.188356387866670083e+00
2.073020347649181527e+00
2.125560045132599996e+00
2.417516718802504627e+00
2.276092862624300217e+00
2.017598385190711774e+00
2.202233144354194927e+00
2.165280373734622010e+00
2.523595878041861251e+00
2.564574844720474367e+00
2.328302363486629112e+00
2.136977027936346474e+00
1.999795486096902275e+00
2.643017735437819926e+00
2.276213786511855020e+00
2.281341498925596234e+00
2.067233733778578220e+00
2.072281709541481831e+00
2.031904732827708226e+00
2.280706277724040554e+00
2.111129034833774565e+00
2.361320164693342161e+00
2.185209262148382070e+00
2.187790216156216161e+00
2.230890329366499003e+00
2.241732103183158742e+00
2.194069599839904239e+00
2.069127197638181315e+00
2.110316859663576849e+00
2.099109093619961008e+00
2.062793406432021026e+00
2.249401748880695884e+00
2.194350387885291909e+00
2.225004520550973641e+00
2.160339322132693418e+00
2.054486763500417812e+00
2.174746628419080618e+00
2.250808293217031242e+00
2.071372692547147842e+00
2.101424107281852027e+00
2.040746684959140911e+00
2.151913400898127549e+00
2.180805914835602710e+00
2.470658393567100486e+00
2.272941442420175928e+00
2.128907934193095208e+00
2.246476136159647918e+00
2.095476913813065334e+00
2.195231121986677802e+00
2.067512885579270154e+00
2.063682855004467243e+00
2.363825869719148987e+00
2.229187703937216103e+00
2.256336190517716389e+00
2.091156464436569440e+00
2.038726375426281212e+00
2.099132074051817121e+00
2.219076035844983696e+00
2.075750770417136071e+00
2.277927339951935526e+00
2.236673384194585168e+00
2.165704732805214583e+00
2.937560153640035754e+00
2.044071514857947580e+00
2.458293975612782400e+00
2.013114398368397229e+00
2.202264084028871860e+00
2.212472698337444310e+00
2.065501792214870846e+00
2.253409774602703308e+00
2.130311059867778134e+00
2.210855739421512922e+00
2.144155513296389870e+00
2.104997231449543982e+00
2.140157282640499758e+00
2.222274570634779955e+00
2.075432014134221959e+00
2.073149858339351059e+00
2.249052361056887772e+00
2.174586631515671886e+00
2.344321515390279664e+00
2.075103940148599335e+00
2.423937056900665521e+00
2.216308987661662844e+00
2.023342744956506234e+00
2.446092597971532445e+00
2.101116760948633200e+00
2.086782723686517294e+00
2.145556625996037692e+00
2.111427257540016367e+00
2.140464572863907566e+00
2.391995607931322265e+00
2.057143037113634776e+00
2.238758601082362354e+00
2.252122606326104393e+00
2.378178008306596425e+00
2.336939991342962486e+00
2.041221326525150204e+00
2.352752005950275560e+00
1.959982749509761257e+00
2.172067983629378141e+00
2.412143713975209991e+00
2.396707456486311116e+00
2.091263435215795496e+00
2.195176580945563227e+00
2.257666576119986335e+00
2.307488607976566186e+00
2.417879538679715168e+00
2.548202120945306959e+00
2.108439506416776243e+00
2.160016557267403048e+00
2.318095318876169042e+00
1.959617810543003102e+00
2.129505909605969194e+00
2.238144131167076001e+00
2.116288209521226982e+00
2.253946275389667520e+00
2.075580574269799694e+00
2.055647569997027801e+00
2.169333353349450544e+00
2.071103955044928391e+00
2.339086606735605312e+00
2.441938941604344659e+00
2.223900340321818714e+00
2.370632633693626534e+00
2.079215805846064580e+00
2.155674733359261630e+00
2.158001820382922098e+00
2.212509823208157478e+00
1.977591260262010042e+00
2.074326666073374348e+00
2.106240142518387426e+00
2.119641415794923045e+00
2.110342727509090910e+00
2.073572547091230955e+00
2.268018132581902879e+00
2.316476520850522469e+00
2.139953723784021822e+00
2.161709694568732854e+00
2.185082794291303365e+00
2.150778581421618263e+00
2.079780675357690178e+00
2.200069036463649486e+00
2.098096690497996519e+00
2.197620111438610024e+00
2.299692345395710547e+00
2.169199658900642813e+00
1.985703422705105803e+00
2.069632774352643256e+00
2.008335970955216432e+00
1.965891298694759870e+00
2.202420276993704906e+00
2.131878364028221284e+00
2.296507072570408425e+00
2.090706701154576130e+00
2.093934602860100469e+00
2.484313674974691022e+00
2.161378365154387637e+00
2.181663960632653776e+00
2.327345567246366098e+00
2.213669817615661728e+00
2.022697288712889563e+00
2.266311068953708929e+00
2.278944490889363905e+00
1.995782234681411582e+00
2.054628614545134901e+00
2.154076456973596621e+00
2.031470952154644127e+00
2.409486137273193496e+00
2.010315851331201387e+00
2.162719623493098098e+00
2.174393796323236927e+00
2.925685306043104283e+00
2.225030470391371917e+00
2.005607738943196328e+00
2.089495520644968352e+00
2.154688377396126064e+00
2.399329694464590990e+00
2.036495864219994623e+00
2.066670671684849747e+00
2.021032834226728525e+00
2.058772345213415900e+00
2.263772542745759786e+00
2.687767917744580792e+00
2.477674228941682877e+00
2.020811477484951268e+00
2.179657696692367974e+00
2.271981755603491582e+00
2.152445958778100188e+00
2.125284736579981182e+00
2.340253585356434129e+00
2.148481591254363110e+00
2.242487743611880191e+00
2.101373366084577921e+00
2.570180543408508989e+00
2.341627911678349605e+00
2.148282982528965324e+00
2.140146720631447508e+00
2.091843379756146870e+00
2.184889716842516982e+00
2.029463503290660942e+00
2.099099658513689182e+00
2.594124387643260032e+00
1.984281118691372914e+00
2.240787393166951524e+00
2.130461702281773562e+00
2.096877271013697808e+00
2.269093572447206331e+00
2.535313169545384326e+00
2.117036460732756975e+00
2.025023109868407722e+00
2.201663773160446258e+00
2.259443173474353639e+00
2.353606262679339700e+00
2.075517591612159318e+00
2.175553685374933099e+00
2.365433609962625638e+00
2.110602297495252966e+00
2.268640248960404282e+00
2.053566386848560743e+00
2.070267888102069964e+00
2.171684024535935009e+00
2.372500314398783505e+00
2.577111167503713052e+00
2.141123382483063775e+00
2.515970556156417182e+00
2.040276193775431679e+00
1.979328960715525554e+00
2.258403051030275943e+00
1.994487674606784777e+00
2.072410274805939867e+00
2.169892090619678360e+00
2.107275640210414025e+00
2.237619303624478473e+00
2.241113143608587155e+00
2.203359262455479861e+00
2.133427261914805584e+00
2.055131372712352800e+00
2.062550110117664648e+00
2.206335031140858938e+00
2.487514395256278821e+00
1.946939086947239828e+00
2.344795824335049517e+00
2.132434311568005114e+00
2.178625937853973848e+00
2.207861004639649405e+00
2.195963457789197548e+00
2.071637574594215270e+00
2.073019031807776358e+00
2.256923062531812629e+00
2.272785807591570784e+00
2.203139608727894050e+00
2.090626852678358016e+00
2.078684279322026374e+00
2.035910561445092082e+00
2.187294708834495616e+00
2.178143239590614400e+00
2.107489252690618375e+00
2.038209624076539495e+00
2.221542584298464185e+00
2.049996423766517584e+00
2.373346929550663287e+00
2.038021286548639566e+00
2.087578752741808152e+00
2.336057481510585454e+00
2.090089724431994700e+00
2.300383142935330305e+00
2.090409520920054831e+00
2.219339482396376351e+00
2.138885570315887552e+00
2.206756030986246842e+00
2.047673737833609398e+00
2.172367238539641754e+00
2.421722842071792670e+00
2.378197428032244876e+00
1.909039779301886064e+00
2.173464859800599225e+00
2.392630200908413052e+00
2.252203049553500147e+00
2.068975707686871335e+00
2.226135545706811936e+00
2.188409482502618353e+00
2.096081866818600759e+00
2.104368196886853504e+00
2.083616954975501923e+00
2.275745384389034953e+00
2.123210661159701473e+00
2.218296404847310832e+00
2.014362148870468161e+00
2.289259289592546320e+00
2.223067909382669072e+00
2.044199231204224976e+00
2.072308754862964175e+00
2.354560794840683702e+00
2.104862171262973813e+00
2.302300673645053752e+00
2.212848615713170375e+00
2.063411396934667241e+00
2.105919713537530935e+00
2.219118384523520504e+00
2.255296920025928298e+00
2.112517563813598898e+00
2.113632373281931098e+00
2.096879448519660016e+00
2.183960888731370176e+00
2.549946345660836666e+00
2.180178427977838229e+00
2.251084216240977653e+00
2.352999790615144526e+00
2.177416449081205574e+00
2.020538631086684855e+00
2.517666971502238837e+00
1.990837258280823141e+00
2.386714242572072209e+00
2.135435570197676824e+00
2.438974553941737788e+00
2.171370494025538278e+00
1.979656433391088433e+00
2.440704900030059576e+00
2.126050483455169005e+00
2.068624990113730799e+00
2.016999471068677163e+00
1.963696213948906921e+00
2.244887037131396923e+00
2.049257822792657446e+00
2.149070558084378302e+00
2.235133189631131501e+00
2.237119966509521163e+00
2.263345929186595384e+00
2.186668547236215954e+00
2.276192973933616859e+00
2.305886943153728996e+00
2.080714501570116060e+00
2.096970245809796740e+00
1.997629763869060326e+00
2.183824878045372397e+00
2.056045246621237332e+00
2.100472031799414552e+00
2.054816936033438957e+00
2.749345314245233318e+00
2.004776845447117761e+00
2.052682211456361205e+00
2.094490448910184099e+00
2.370289824782938037e+00
2.302025911650358303e+00
2.016056724998239957e+00
2.772117312041796122e+00
2.295197221396113374e+00
2.093185786002853987e+00
2.273086411558189912e+00
2.083056458132980016e+00
1.997819531403283833e+00
2.818406656840959812e+00
2.107220376073625445e+00
2.203936538277057267e+00
2.384669042631845759e+00
2.142489901449628587e+00
2.167374669545593768e+00
2.146952556406406920e+00
2.223752207587958551e+00
2.218979475760652242e+00
2.313967677510576859e+00
2.241366284555459387e+00
2.106595006981780926e+00
1.920414365848623683e+00
2.168650666569602148e+00
2.315758947044650018e+00
2.086951761808030437e+00
2.268265131998719042e+00
2.356471409370820336e+00
2.390271671554664579e+00
1.999189736771848080e+00
2.026461908010471547e+00
2.274756883293948206e+00
2.261754545145220785e+00
2.040944307229449084e+00
2.162004012080427806e+00
2.275251133813506410e+00
2.111817373380136420e+00
1.972985949402877415e+00
2.179895749500752711e+00
2.246144764709298691e+00
2.102058900102939720e+00
2.408293442656225469e+00
2.138790846416579239e+00
2.208954691646318302e+00
2.151661685385584111e+00
2.157788909615866668e+00
2.030138888724195123e+00
2.091898081768445827e+00
2.158475021949196382e+00
2.388844003679362782e+00
2.705232369665772740e+00
2.229823461985685373e+00
2.263175411677696314e+00
2.552304339465187422e+00
2.439052729341456338e+00
2.288275527785833319e+00
2.271383024290143382e+00
2.052774063935072668e+00
2.079810158614646021e+00
2.086094686869776282e+00
2.368191908243578059e+00
2.442695886108871672e+00
2.420157786661830013e+00
2.138047255787664636e+00
2.426574273317285257e+00
2.133884684264452325e+00
2.202906813306895195e+00
1.974290510948892408e+00
2.166186821070542390e+00
2.118605278763214361e+00
2.556833164043781359e+00
2.234830810409907276e+00
2.031061216333431840e+00
2.245758536536345051e+00
2.046525205355341992e+00
2.270988277326699833e+00
2.097851396293366921e+00
2.315989356336807248e+00
2.123945143225152599e+00
2.202376601213514640e+00
2.110338434841154243e+00
2.401974731853820266e+00
2.175338137259595683e+00
2.293077412679374927e+00
2.379921027493285823e+00
2.064604666665397215e+00
2.043808427069969458e+00
2.267511405396207547e+00
2.587907298661388467e+00
2.385912568322445804e+00
2.337419163485125129e+00
2.135814136325738133e+00
1.956467335587317224e+00
2.097136202370787572e+00
2.046142334522305095e+00
2.090262277012362002e+00
2.010475301880401133e+00
2.305504987271808304e+00
2.414895292511401337e+00
2.130982246690204640e+00
2.148322008940689365e+00
1.926553582847631896e+00
2.221784930057455476e+00
2.374550329548568595e+00
2.098356114123690386e+00
2.334341422559374379e+00
2.082941181119768892e+00
2.064307424820561732e+00
1.960471223112469685e+00
2.036561203072220660e+00
2.177476293764981197e+00
2.616575549007918333e+00
2.094535760665100721e+00
2.035058507885225687e+00
1.950149592152697897e+00
2.178934774683420894e+00
2.135012079766879012e+00
2.210123354705058496e+00
2.026373301512795155e+00
2.164354223191764071e+00
2.333839564231232178e+00
2.196384330810383645e+00
2.182400889712379666e+00
2.093031797423406726e+00
2.093467053086387697e+00
2.263822232190926709e+00
2.151932518298695030e+00
2.352292513553527531e+00
2.080797377272671778e+00
2.119690086635201087e+00
2.103795325914382452e+00
2.478265463271283053e+00
2.143663363824999557e+00
2.120934319540948021e+00
2.047186446583892927e+00
2.089981603894474294e+00
2.001797669817824588e+00
2.184885626010890203e+00
2.069218489781172288e+00
1.938863832544876376e+00
2.340496667534593733e+00
2.047702863820843877e+00
2.182746770854540941e+00
2.097207684581662956e+00
2.185559354577747637e+00
2.066957200743286815e+00
2.329363672900086168e+00
2.302523445133252800e+00
2.274050818519255834e+00
2.275004922154459042e+00
2.303786568004771773e+00
2.047123266420338705e+00
2.256475068018046315e+00
2.073492710007760031e+00
1.987839430221722381e+00
2.109555558458003688e+00
2.141173483652655030e+00
2.206982110397746499e+00
2.167532548336196907e+00
2.462508044124559259e+00
2.172261921358204173e+00
2.079313485081399460e+00
2.187574215682075884e+00
2.116054111998354248e+00
2.028133816684498658e+00
2.292389012979176410e+00
2.316999434308368411e+00
2.239353084628043611e+00
2.225635330707746551e+00
2.067493192827604354e+00
2.167025873886027743e+00
2.164875777656011024e+00
2.073534692690242931e+00
1.969963561395134288e+00
2.410838540224947035e+00
2.206865004593158819e+00
2.127158190107237612e+00
2.173339654585301428e+00
2.160385463556311780e+00
2.088323090968009499e+00
2.110302422436097558e+00
2.381494571093018653e+00
2.029742474039166744e+00
1.949334883179982381e+00
2.334167858476655866e+00
2.093591323050385533e+00
2.363232013461173509e+00
2.041243268052438165e+00
2.079843533469816208e+00
2.087273664289951203e+00
2.281166406198616325e+00
2.136223418608854896e+00
2.105050704569790820e+00
2.088329396117936110e+00
2.459980679352824495e+00
2.105139425912552653e+00
1.954571229066006000e+00
2.070701832245369634e+00
2.088415664349839940e+00
2.170448447142993231e+00
2.129136688826658297e+00
2.238672810964943416e+00
2.448483114581408326e+00
2.182582831427871906e+00
2.306668675141676506e+00
2.034998033579818788e+00
2.028775258551949623e+00
2.237897956520012333e+00
2.189605847267108274e+00
2.152895654499563438e+00
2.045020888538676473e+00
2.143214354058541105e+00
2.059249621939838182e+00
2.092372065388839797e+00
1.962840080034906620e+00
2.484696954904645150e+00
2.327444533363647761e+00
2.190021433778789994e+00
2.183188860672436782e+00
2.049933865415284995e+00
2.137625166319867986e+00
1.982552474012850174e+00
2.368923131095619361e+00
2.317095197362378567e+00
2.028365098235550779e+00
2.255532776676317130e+00
2.081840369888736664e+00
2.173934683946244562e+00
2.310462925489538577e+00
2.500104104349641254e+00
2.207291065310833744e+00
1.964737017173522338e+00
2.393205786622530695e+00
2.124214261524441483e+00
2.184777253051271462e+00
2.572017834408254267e+00
2.244204890719256440e+00
2.471651325429397694e+00
2.039679680132908235e+00
2.236726131345772473e+00
2.586868344336875403e+00
2.047256256839104616e+00
2.091002313414161318e+00
2.205403670823936402e+00
2.055619390477638753e+00
2.319770135058542238e+00
2.102258015840813066e+00
2.122092597389165114e+00
2.287384351573815255e+00
2.095691041659818232e+00
2.174591610295729005e+00
2.349457345456396062e+00
2.143141279456283410e+00
2.042650742281240106e+00
2.034103637576700319e+00
2.251909319388875286e+00
2.141454623022455817e+00
1.994227932300004058e+00
2.216955455863742319e+00
2.393911119726285452e+00
2.127296311762354453e+00
2.280378691506734334e+00
2.201758282979295434e+00
2.070714127496092960e+00
2.003943019534512260e+00
2.169130934633837882e+00
2.035724062670764667e+00
2.260270923242961860e+00
2.090352482350652519e+00
2.297073550435281053e+00
2.626650410709524763e+00
2.131576973113791240e+00
1.969410028530636847e+00
2.123586352965528778e+00
2.088045944606535365e+00
2.098823645243649505e+00
2.088102771864420060e+00
2.092420969880316228e+00
2.056716594766642370e+00
2.107660810548765085e+00
2.197377377588437763e+00
2.046937744094259326e+00
2.248999187379584264e+00
2.207186357009354616e+00
2.215646318679223903e+00
2.258148815525601982e+00
2.483027867062300942e+00
2.078153597789956564e+00
2.204379592606140914e+00
2.381239528127156113e+00
2.178142832797801187e+00
2.168398228120280269e+00
2.416836154774788525e+00
2.185651608882205554e+00
2.259696014542531550e+00
2.387675222285357446e+00
2.148629348469967670e+00
2.285911066184651563e+00
2.082066862646469119e+00
2.228286972173529445e+00
2.097623197303873255e+00
2.361158568429357008e+00
2.097292031985251270e+00
2.080033188207179862e+00
2.691256209887361361e+00
2.108060051680725522e+00
2.055919044233748494e+00
2.144107905926899260e+00
2.178465254506237070e+00
2.302674213264151337e+00
2.398701411368474812e+00
2.244938892596715085e+00
2.131540220597218482e+00
2.002869584751598264e+00
2.165335392899849332e+00
2.117972177914896115e+00
2.071196079620555075e+00
2.002996006410684871e+00
2.077079803364229260e+00
2.319638183096136785e+00
2.105363819338920806e+00
2.182091315850719582e+00
2.336571479905357407e+00
2.206462090840907830e+00
2.050172887156139101e+00
2.165938140768647546e+00
2.331046274881314329e+00
2.085061339546219639e+00
2.196943785213090194e+00
2.085409062564262506e+00
1.976058515711872854e+00
2.383672809509647550e+00
2.257742930599915265e+00
2.076553078205897407e+00
2.271809351677085420e+00
1.879784392733491405e+00
2.253973182188233615e+00
2.146913393947796234e+00
1.976305354702592165e+00
2.339784914919734504e+00
1.964081165958619257e+00
2.116152521340553871e+00
2.096795468485628255e+00
2.216231281557996091e+00
1.972602111737130182e+00
2.069978379545653890e+00
2.113423302194275877e+00
2.360054442147303089e+00
2.076202784503545562e+00
2.122641955382771783e+00
2.057410381825677703e+00
2.158191629270949985e+00
2.237792853581266339e+00
2.187968876114496641e+00
2.180311151789845692e+00
2.221217068975378517e+00
1.963395876940311702e+00
2.039085475134492231e+00
2.177974308793009683e+00
2.144917463221863940e+00
2.248737418834640511e+00
2.534253478612741528e+00
2.277553206832333643e+00
2.484731768296293719e+00
2.180376853538274595e+00
2.145505906121125239e+00
2.123247501806331705e+00
2.478764216253597219e+00
2.225984082646625950e+00
2.139413655221608757e+00
2.207615924186139722e+00
2.231381923985928939e+00
2.206113645487228325e+00
2.367344075469488995e+00
2.201583159433152748e+00
2.130736963817186691e+00
2.014529100929706829e+00
2.477389933126928234e+00
2.086392747508677648e+00
2.347141865607225153e+00
2.326654510539384102e+00
2.144628798231276168e+00
2.285653275294109665e+00
2.166200612159197458e+00
2.428502015079764931e+00
2.216315122382057634e+00
1.987865559570635821e+00
2.213534132241038233e+00
2.380515043693995914e+00
2.146684166829129659e+00
2.264564302050043221e+00
2.303174855721972225e+00
2.251703065395809222e+00
2.564904505243820854e+00
2.046079773911768651e+00
2.026749147056854383e+00
2.371346291312367960e+00
2.668330886435593463e+00
2.068456241860319622e+00
2.373244353210530733e+00
