1.663449811227490027e+00
1.458264691909385569e+00
1.369415370008831845e+00
1.374861805613471599e+00
1.349375165247923558e+00
1.295507269065671041e+00
1.296690701547261737e+00
1.286058133510258106e+00
1.287407059969512657e+00
1.290719188777147863e+00
1.276305377400961172e+00
1.270520223384868919e+00
1.274330497146279439e+00
1.264306760989081901e+00
1.246509192242369890e+00
1.263112652312831541e+00
1.256193069646298177e+00
1.259709510450869097e+00
1.256947766359920227e+00
1.266334837490004306e+00
1.249999522657921469e+00
1.248791470693898065e+00
1.234200743095441144e+00
1.229902655562240987e+00
1.246414197993307438e+00
1.256706543305145418e+00
1.249908680632642488e+00
1.254029019594123273e+00
1.236513345139528930e+00
1.240120533688240823e+00
1.237153043367683836e+00
1.238504709263444248e+00
1.232060332934124203e+00
1.236028369039712471e+00
1.230220570960885329e+00
1.234328854173583956e+00
1.230049448444191729e+00
1.230602609714025464e+00
1.238271422293153234e+00
1.234858144160979165e+00
1.233197523962240139e+00
1.234383685734283809e+00
1.236686362849297227e+00
1.237291554571440244e+00
1.234671174298514806e+00
1.223771368743188592e+00
1.232907007688289758e+00
1.237097230411412507e+00
1.233189105757050985e+00
1.230033095882618666e+00
1.229442478925958149e+00
1.229502490046604946e+00
1.223661594558939747e+00
1.228310245084057728e+00
1.219626321657794943e+00
1.233271988519938578e+00
1.219038624741337395e+00
1.226671559412524148e+00
1.235453270765246581e+00
1.228721530747900470e+00
1.227866988755164757e+00
1.229592553941843969e+00
1.231126806892211878e+00
1.241048458843713176e+00
1.231319792337383978e+00
1.232885494689156758e+00
1.230435570097081710e+00
1.230121680327369793e+00
1.235223654640022373e+00
1.230279505898329573e+00
1.230510079557016301e+00
1.229082771888737824e+00
1.225822965224115935e+00
1.234120028627402332e+00
1.221458334913520405e+00
1.229134177531312488e+00
1.224391576811486582e+00
1.230508140697797792e+00
1.227064960317409970e+00
1.221719685119045939e+00
1.230365599086709283e+00
1.224811247478751142e+00
1.225821816913402751e+00
1.228071209684366005e+00
1.227113957602941285e+00
1.230631371053482859e+00
1.233415718891253343e+00
1.224997032843065936e+00
1.218437084107913071e+00
1.225640437844344177e+00
1.231459259879457813e+00
1.225881778947623069e+00
1.230968049039913748e+00
1.223624829273866954e+00
1.227584855101540695e+00
1.232587777662425221e+00
1.232044956186453932e+00
1.229364199767342791e+00
1.225205721791970959e+00
1.233411754270641536e+00
1.229451756691780639e+00
1.224554153658654609e+00
1.227397736359965741e+00
1.224960488284752458e+00
1.221748874364927406e+00
1.231637856495847894e+00
1.225967194717158204e+00
1.235103521897666479e+00
1.228951917292874452e+00
1.225278340337125682e+00
1.228614149154863888e+00
1.224414854360293736e+00
1.227990365795738059e+00
1.226550206298353096e+00
1.232218609947325350e+00
1.227306330880227003e+00
1.233557585597406803e+00
1.227899860486626693e+00
1.220113311277564172e+00
1.227655326896833543e+00
1.237368186820002602e+00
1.222941574521966501e+00
1.224476352622214659e+00
1.230361757428895420e+00
1.230234758858485877e+00
1.227375602318141024e+00
1.230783111822760123e+00
1.224299471872343226e+00
1.226083311903400253e+00
1.225148605320597550e+00
1.230833679742665998e+00
1.221995193089217002e+00
1.226999183363737256e+00
1.232988569985577154e+00
1.225341353764771046e+00
1.222522823685395554e+00
1.224161940294744788e+00
1.233904381155553454e+00
1.225786666513191348e+00
1.229649006584889515e+00
1.228420053361313213e+00
1.231596946842393958e+00
1.225111506238004244e+00
1.232036608964133029e+00
1.227958068581014306e+00
1.224364625349635638e+00
1.224752379812435565e+00
1.228984428358184999e+00
1.223912506383892707e+00
1.229725676611415741e+00
1.231745678398081134e+00
1.223076181195034584e+00
1.223100133683736601e+00
1.224774636759669022e+00
1.224708749504931582e+00
1.226356338688948000e+00
1.229915174761538443e+00
1.226208740503650363e+00
1.230085441516354905e+00
1.226183164648503299e+00
1.230338179096350348e+00
1.227063607140707280e+00
1.225813787785861919e+00
1.229962472593033151e+00
1.221141380393299336e+00
1.228463937686838037e+00
1.224098415130514761e+00
1.229272771170614176e+00
1.229493402483877507e+00
1.225393999850216131e+00
1.225753873087671142e+00
1.225079355877559451e+00
1.227914535394135420e+00
1.230794411290112356e+00
1.225404017321614525e+00
1.228000242595898683e+00
1.223571550051160584e+00
1.226686289932872542e+00
1.228464780508566001e+00
1.227841117994255660e+00
1.229077759059216568e+00
1.229416374700641246e+00
1.222826733639750030e+00
1.233007536705821749e+00
1.227276481444256273e+00
1.227844132716225944e+00
1.224496605335682275e+00
1.223490331294178723e+00
1.224248810884401184e+00
1.227185821800802712e+00
1.225107975200398158e+00
1.227020369490289919e+00
1.231749927301198255e+00
1.221570869123161707e+00
1.224763280205415805e+00
1.222983270134542000e+00
1.220868814715953654e+00
1.225929997242430458e+00
1.226601457784253002e+00
1.227455434508270216e+00
1.229775181215602364e+00
1.225131427095454972e+00
1.228606735611376788e+00
1.226074827595529326e+00
1.228468164880452740e+00
1.225512381713790733e+00
1.229891662388207019e+00
1.224931444441305528e+00
1.223764646957725244e+00
1.222371968408606291e+00
1.228669717244494475e+00
1.225286417411343143e+00
1.223489803446484503e+00
1.224612128197655192e+00
1.224327353963463372e+00
1.224241911149905437e+00
1.222907648906529809e+00
1.223266995755308173e+00
1.223372274880662580e+00
1.231706629106374740e+00
1.219483931519575792e+00
1.228026600107002597e+00
1.225501409012756060e+00
1.222689983973271222e+00
1.224687292698378283e+00
1.232224118217530417e+00
1.222681426606762267e+00
1.225567082356810111e+00
1.225798972976368306e+00
1.229861447218559167e+00
1.224826929325108171e+00
1.229494112229957414e+00
1.218801672437612282e+00
1.224128827771545414e+00
1.223192237845161845e+00
1.222032180030561355e+00
1.222724325723357541e+00
1.224780247138393952e+00
1.225874316343576353e+00
1.224061511220150278e+00
1.223341750338450717e+00
1.226479762134280893e+00
1.227458978058880934e+00
1.226259524639919718e+00
1.225635130246557569e+00
1.224245781333527017e+00
1.227553973914677465e+00
1.227929273747390582e+00
1.224820766227658675e+00
1.225350655464487293e+00
1.225200045320172570e+00
1.226108886539870380e+00
1.222157430619073892e+00
1.226173528443496030e+00
1.225355748811795653e+00
1.229283183087591214e+00
1.223914592726619510e+00
1.225282472333522055e+00
1.223788286550872018e+00
1.228668694529758243e+00
1.227352501536207452e+00
1.228175755748915465e+00
1.224037494675750182e+00
1.220458033061202041e+00
1.223636845170117837e+00
1.222913914249706302e+00
1.226360599333638834e+00
1.223678080147342806e+00
1.223540183139155246e+00
1.225528428912675105e+00
1.228902792198607319e+00
1.225698334564387926e+00
1.223517927945737771e+00
1.225345403949573253e+00
1.224226799022547940e+00
1.221447888847477792e+00
1.220759231968665315e+00
1.224834008469454671e+00
1.223469611000012947e+00
1.225217711726332093e+00
1.225139674335895545e+00
1.223638263462409448e+00
1.222747989391800294e+00
1.225411646538360877e+00
1.224736776139457861e+00
1.224814231191174052e+00
1.226807676527296831e+00
1.227515603683156487e+00
1.221581964985492430e+00
1.225406188976367661e+00
1.222932100658695065e+00
1.227480710509176287e+00
1.225577518360154716e+00
1.221297220782853854e+00
1.226222852761336135e+00
1.225176782630262862e+00
1.225586066442897026e+00
1.224418033357250746e+00
1.222139946752869522e+00
1.224737087242440570e+00
1.220993816004505739e+00
1.224552794090177477e+00
1.226255545668577085e+00
1.222682492409167265e+00
1.223250263767474033e+00
1.223580366098666605e+00
1.224353290241313230e+00
1.224754323694573932e+00
1.224427199713689518e+00
1.223059929146300906e+00
1.223827800787120168e+00
1.224486742452600696e+00
1.227716645323914557e+00
1.224818823482317409e+00
1.224266880569941263e+00
1.224710834088337696e+00
1.224448962982577660e+00
1.225846717520704621e+00
1.222836821812714803e+00
1.225821911880804693e+00
1.223414304494547800e+00
1.224387584492879100e+00
1.225559003432634020e+00
1.227636025930247676e+00
1.227460641995549384e+00
1.224416015128149571e+00
1.226368850561199819e+00
1.225066268026340222e+00
1.222433695236776918e+00
1.225377047249599061e+00
1.224507052224202752e+00
1.225424420277252402e+00
1.224566214908283213e+00
1.224664666414384984e+00
1.223616227946415780e+00
1.224293647314711686e+00
1.223914185629488838e+00
1.226445535887263905e+00
1.223690195584895335e+00
1.223671767786363329e+00
1.222710120326018224e+00
1.228989776916890930e+00
1.227127541286348489e+00
1.225567912515302282e+00
1.224579878248735376e+00
1.224204457971306281e+00
1.224043407871942879e+00
1.222349397211344835e+00
1.223773205515675588e+00
1.222057628296513432e+00
1.223606220710098613e+00
1.222854371314807231e+00
1.224008486120520045e+00
1.224947413389517514e+00
1.224905368795420779e+00
1.223163606893183708e+00
1.223448722907404917e+00
1.227069414710264539e+00
1.226442310195785979e+00
1.224696325501358096e+00
1.226285494171631463e+00
1.224743385734264667e+00
1.227549072978127764e+00
1.224537748329040499e+00
1.227033198187398533e+00
1.225095319330249399e+00
1.222593114428168315e+00
1.223307538464130984e+00
1.224079222355692664e+00
1.225965661474017088e+00
1.227649873938024827e+00
1.226322850042151247e+00
1.225203493814100986e+00
1.225814054009125353e+00
1.224712288959692419e+00
1.224258985877477057e+00
1.223140963130006309e+00
1.223620749358763193e+00
1.225879363921353660e+00
1.221314849636241817e+00
1.227106274109315276e+00
1.225170386281750901e+00
1.223875876704928034e+00
1.221911588247084790e+00
1.220959116193831573e+00
1.223216225311016592e+00
1.225434158080605407e+00
1.219268047547701794e+00
1.224086414642603593e+00
1.227156899824560332e+00
1.223351605616590287e+00
1.227659237091102140e+00
1.222788019928739311e+00
1.222400916054012798e+00
1.224292110709204628e+00
1.224999730818606691e+00
1.226876680618688598e+00
1.223859161692457231e+00
1.226822657690297413e+00
1.224957277039486092e+00
1.222103718513970261e+00
1.226659782664137222e+00
1.226884872122787851e+00
1.221775280248548867e+00
1.226298471882163010e+00
1.226509402833760642e+00
1.224583819387888406e+00
1.225249491656286827e+00
1.227710774968361562e+00
1.226780923594890327e+00
1.226974030218911160e+00
1.228099273645261835e+00
1.224648468199470042e+00
1.224638732254428097e+00
1.221741336011847423e+00
1.223735725399298424e+00
1.224263692109842427e+00
1.223210124169848534e+00
1.222985069663049096e+00
1.225131534459790617e+00
1.223619696480652941e+00
1.225144228264851032e+00
1.223642769924855767e+00
1.224767897164127817e+00
1.223813335424016380e+00
1.224052986365252504e+00
1.224930885299631234e+00
1.225105376928667278e+00
1.222480848815259868e+00
1.225145756120670226e+00
1.225127575358322396e+00
1.223120473071374059e+00
1.224728033459839383e+00
1.226142280584247013e+00
1.223411157010612094e+00
1.224993820930785571e+00
1.223627852770770907e+00
1.220941981429988887e+00
1.226261417423049727e+00
1.224157476304382097e+00
1.222583510009323193e+00
1.225324824898167853e+00
1.220610518528816302e+00
1.226436962769537065e+00
1.224673992491034147e+00
1.222482315786846296e+00
1.221864221078567070e+00
1.223594209807237876e+00
1.224704981721595365e+00
1.225753186566775454e+00
1.222030874362201036e+00
1.224447074932030199e+00
1.221459925072619690e+00
1.221957332418152298e+00
1.223017382177155055e+00
1.222356353079166347e+00
1.225373603957030211e+00
1.225584941924307003e+00
1.223664504698981581e+00
1.226866368057687451e+00
1.227551772348915771e+00
1.227093712052164554e+00
1.225020531618917774e+00
1.225827482957880799e+00
1.225734304269677999e+00
1.223997219579620488e+00
1.222618183953773530e+00
1.222669519764644885e+00
1.225200563419539757e+00
1.223209045532423156e+00
1.225130664696257199e+00
1.223766206434190540e+00
1.226135302714811193e+00
1.224255876445533131e+00
1.223911150886506150e+00
1.220696367045928987e+00
1.225459743399227586e+00
1.224844807310714767e+00
1.226810683467190355e+00
1.224360837432205917e+00
1.223064587991166574e+00
1.227913832574658137e+00
1.224770712675864015e+00
1.222460684446843082e+00
1.223614722489001494e+00
1.225060541600022646e+00
1.222524303668768075e+00
1.226837076440815633e+00
1.222871211381198808e+00
1.222956338168700530e+00
1.224078511101452493e+00
1.223146485434227770e+00
1.226294347735117807e+00
1.224221397621751528e+00
1.224812912354804606e+00
1.223438866275623260e+00
1.225447411959644572e+00
1.224089712324704093e+00
1.223029618049103595e+00
1.227219727345926659e+00
1.224980566229205037e+00
1.224243344629669883e+00
1.223270345731044539e+00
1.224055230913190462e+00
1.223105052814392080e+00
1.224663924503155865e+00
1.225652011270471409e+00
1.220884804801196211e+00
1.224362465639113884e+00
1.223456141821684273e+00
1.223237204839437320e+00
1.225885981781633438e+00
1.222931596572596202e+00
1.220792811145001711e+00
1.223339110155023279e+00
1.225481308709803541e+00
1.224054870364712055e+00
1.225242984202523422e+00
1.225763130575921789e+00
1.222971553623250829e+00
1.223990112167005595e+00
1.223203638098910639e+00
1.222609201277926827e+00
1.223384763376886619e+00
1.220697813324640668e+00
1.224138433504183388e+00
1.223912615400056803e+00
1.225550242751030749e+00
1.225855215827821754e+00
1.221518466758007682e+00
1.223192087048527554e+00
1.224187351974628246e+00
1.223801362982839924e+00
1.222504054779555815e+00
1.222055640856003933e+00
1.224825748670825831e+00
1.223063024954531564e+00
1.223200310851387362e+00
1.225963894831179068e+00
1.225360063398849730e+00
1.225104986037717447e+00
1.223755414824824417e+00
1.222980011053021565e+00
1.225274779634434541e+00
1.224773662714963018e+00
1.224999573231194239e+00
1.226619074025714129e+00
1.224019297333432510e+00
1.226464422045256519e+00
1.227785171950445564e+00
1.223852771005141005e+00
1.225086535240045515e+00
1.224231470373974950e+00
1.225573456414626783e+00
1.225660909572359847e+00
1.221221910567540814e+00
1.223190152615184267e+00
1.224255408187116423e+00
1.224473196872466918e+00
1.221999945625005690e+00
1.223827731943988306e+00
1.224076406282346596e+00
1.224238370042722623e+00
1.224061656294711753e+00
1.225522049890472198e+00
1.224096002430471675e+00
1.224464579036248724e+00
1.225238865765693408e+00
1.221654256267275418e+00
1.226807728594992764e+00
1.223484760930975579e+00
1.225719738001224135e+00
1.226969840502753817e+00
1.221040518739807235e+00
1.224069999525468244e+00
1.223332491262903554e+00
1.225327888218404215e+00
1.223888365923409438e+00
1.223374873358332504e+00
1.227188725688808768e+00
1.223470079700361257e+00
1.226435618244864800e+00
1.225363473756381216e+00
1.225442386066991185e+00
1.225612041664798424e+00
1.224441029286364113e+00
1.224777667606734788e+00
1.223523902702615240e+00
1.224294230872802425e+00
1.222056167993509801e+00
1.223484143579718575e+00
1.225054801018387485e+00
1.221019494713085685e+00
1.225224029756183830e+00
1.223484326806663525e+00
1.225742914480729251e+00
1.223697751337031958e+00
1.225094732158956923e+00
1.226046212473896002e+00
1.223288510348939928e+00
1.221165332681009907e+00
1.224759590558327726e+00
1.223971058845436444e+00
1.223872476700970546e+00
1.226707078855130195e+00
1.224350473546236273e+00
1.222398981779752480e+00
1.222906640096695474e+00
1.224489016697442922e+00
1.223825498847014304e+00
1.223494459180632932e+00
1.224493201702454792e+00
1.221595631647994118e+00
1.223816058029252307e+00
1.223484783011989929e+00
1.223327392530630497e+00
1.222816915775857938e+00
1.223255772573163869e+00
1.223549673157142914e+00
1.224029169896694524e+00
1.223635361856388437e+00
1.223656950230842533e+00
1.223709404191938743e+00
1.223728411077347644e+00
1.225575169226224670e+00
1.222034525314876552e+00
1.223517867242239987e+00
1.225418662156283478e+00
1.224773756139425851e+00
1.222275766906504080e+00
1.225382138512803643e+00
1.223948519605507990e+00
1.222641847296670914e+00
1.223074881110037593e+00
1.225430794849689864e+00
1.222460268788161164e+00
1.222647970533140560e+00
1.224268712710094631e+00
1.225002257111208692e+00
1.224867745520027640e+00
1.223963083881494551e+00
1.225298644324461117e+00
1.221915147868744889e+00
1.223803019954407878e+00
1.223845800972285014e+00
1.223324783195143706e+00
1.223181180114423672e+00
1.220014131920686529e+00
1.226821672124681850e+00
1.223176231417686832e+00
1.223910406867359857e+00
1.224686720906906334e+00
1.224703175938174127e+00
1.222643134812452903e+00
1.220629647426514586e+00
1.223062261901749048e+00
1.223045712253572281e+00
1.223981972642651961e+00
1.225463364495229079e+00
1.225083270355367571e+00
1.221743852016186516e+00
1.222696035661217540e+00
1.222718289798361058e+00
1.224911900312445789e+00
1.222313039411909052e+00
1.224695255541983441e+00
1.226312161447018045e+00
1.223454904063759230e+00
1.224306941621940092e+00
1.223040990411836448e+00
1.223919460655223501e+00
1.224382634359623356e+00
1.223994868736914876e+00
1.224574922144872069e+00
1.225874721518237509e+00
1.221229168558816136e+00
1.223741979878057773e+00
1.222233010123692454e+00
1.221109441790331873e+00
1.223187215314546439e+00
1.223007955495428289e+00
1.221525204182974722e+00
1.225922677053476573e+00
1.223119500729879405e+00
1.226606999817552834e+00
1.222476562016521218e+00
1.222808610675697238e+00
1.223132463326884745e+00
1.225693294290020052e+00
1.224695731787060815e+00
1.223234401977980390e+00
1.227672822014410414e+00
1.225212606467888987e+00
1.224320911646147314e+00
1.221770429674376768e+00
1.224821763420873788e+00
1.223370052552763099e+00
1.225077652462445599e+00
1.223107302236342342e+00
1.223393601772886807e+00
1.221809599050598383e+00
1.223837893745350236e+00
1.225243215284269382e+00
1.223188363439540849e+00
1.223319420123964107e+00
1.222829362682411602e+00
1.223363928336963280e+00
1.225025698462797186e+00
1.221859189406712343e+00
1.224155376422995101e+00
1.223871253889045940e+00
1.222836280463396985e+00
1.222466985199816891e+00
1.222605583302897259e+00
1.222142209770182619e+00
1.222695080633138698e+00
1.225077723360361359e+00
1.223410101730702859e+00
1.223276805214735807e+00
1.222056068167325593e+00
1.224780061037124002e+00
1.223716925769217312e+00
1.226092978860153337e+00
1.224814403361086823e+00
1.224068592958642565e+00
1.224288582657531821e+00
1.224472507477326166e+00
1.224212929686805174e+00
1.222615528546284969e+00
1.223388519832775412e+00
1.222658385521196767e+00
1.220791985899315923e+00
1.224046897335187456e+00
1.223940460134192110e+00
1.221688756771180273e+00
1.222113251677245493e+00
1.224464141846578924e+00
1.225420297418966520e+00
1.222753688940838579e+00
1.224443830542110812e+00
1.222727727361393235e+00
1.223459171986951866e+00
1.225927261433500171e+00
1.223512004279742493e+00
1.223392041080477055e+00
1.223638245077471876e+00
1.225549843996576849e+00
1.223317657247905865e+00
1.224991838434756897e+00
1.226745075196880475e+00
1.225895725218558052e+00
1.222860988693963868e+00
1.223969801515987221e+00
1.223843725375114211e+00
1.222459595139532729e+00
1.223532613563437454e+00
1.223030312370162687e+00
1.225175654158025429e+00
1.224165390793012786e+00
1.222891364801296898e+00
1.223822818033462045e+00
1.225042588426315415e+00
1.222569870771054612e+00
1.224662502019954635e+00
1.225978104442533967e+00
1.223285884141560587e+00
1.224838899351747612e+00
1.224895498795874227e+00
1.220666178425903192e+00
1.222357331298929095e+00
1.226341390110418539e+00
1.225546518513516370e+00
1.224725008359120348e+00
1.223000030339872257e+00
1.224084125638541076e+00
1.225602467988181843e+00
1.223652148437071707e+00
1.224323560476853645e+00
1.224222305306410963e+00
1.226620238635140803e+00
1.221371959046860356e+00
1.224902728181404887e+00
1.223206541189428620e+00
1.222362348769811646e+00
1.226025054613971044e+00
1.221739865732781150e+00
1.224797749534993985e+00
1.223500362277392561e+00
1.223025163398924864e+00
1.224822269191635282e+00
1.224138513756870994e+00
1.223516593912802985e+00
1.224316618496312126e+00
1.222558471642914757e+00
1.224235037421165684e+00
1.221050821177018131e+00
1.223123347566542618e+00
1.225380804502203214e+00
1.222761306406646709e+00
1.223501398787660399e+00
1.221576677663722688e+00
1.226641664857411218e+00
1.224039726130455197e+00
1.225296316764159066e+00
1.226843914796309720e+00
1.224051773446231506e+00
1.224478276721521430e+00
1.223813591867370709e+00
1.222782014191752697e+00
1.223168403798996717e+00
1.222115131605016058e+00
1.223554504677542676e+00
1.225316548569119757e+00
1.226872229513219503e+00
1.221898821544767033e+00
1.225409571915733631e+00
1.223995395735096192e+00
1.225153548162827510e+00
1.223150912544977986e+00
1.224406043834615376e+00
1.225131557991122166e+00
1.224577697844869695e+00
1.222916979309903951e+00
1.226141243130281833e+00
1.224238096800808862e+00
1.223991090261842274e+00
1.221468413727538449e+00
1.225415477673667208e+00
1.223944522099122745e+00
1.222842517134014262e+00
1.223144203595630808e+00
1.223010802226843330e+00
1.226141869083050562e+00
1.224360266637330330e+00
1.222379527764066776e+00
1.223098392177129456e+00
1.224858353684692869e+00
1.224681191534275460e+00
1.224197265613293784e+00
1.224840798625956628e+00
1.222838388371657592e+00
1.223072683890749301e+00
1.223670772248207417e+00
1.223726821480932037e+00
1.222554053448398736e+00
1.223444055335568770e+00
1.223576343590293325e+00
1.223246228848225536e+00
1.224296943920101022e+00
1.227249036955387451e+00
1.225200442905115983e+00
1.223916848501049426e+00
1.224177987308279425e+00
1.222195124118000242e+00
1.223717369958966072e+00
1.223718222496183783e+00
1.224099218176216697e+00
1.223684656774994162e+00
1.224082598891361950e+00
1.223004880434798158e+00
1.224846743585721542e+00
1.223395059759922576e+00
1.223875109694023688e+00
1.223158885183349032e+00
1.225231998734502170e+00
1.224716620402552802e+00
1.223529264238281344e+00
1.223681176387101610e+00
1.223589890211889575e+00
1.222994211347637972e+00
1.223296882811960362e+00
1.225042687628631555e+00
1.225508962338126562e+00
1.224812374208053223e+00
1.224402579788544054e+00
1.224972526502859482e+00
1.224039436104620293e+00
1.222844430016501338e+00
1.223409306296179055e+00
1.222758161375479879e+00
1.226030047895464659e+00
1.223909955213083434e+00
1.222792279336414101e+00
1.220827269278832894e+00
1.223722692377950061e+00
1.224067883999446327e+00
1.221694109877033751e+00
1.224423881901068434e+00
1.225357384644109482e+00
1.224121005978337395e+00
1.224175804491372421e+00
1.222962072587187254e+00
1.224682757167339320e+00
1.223311431285271755e+00
1.223056262852695308e+00
1.222495907489231870e+00
1.224251628979957651e+00
1.224235301920765684e+00
1.223728958333899053e+00
1.223566101128593431e+00
1.222772910986399619e+00
1.225300067551368777e+00
1.223347515149641573e+00
1.223713235706227254e+00
1.223496699688548794e+00
1.222123565396580736e+00
1.224129636089185125e+00
1.224060091460889232e+00
1.223321577951187011e+00
1.223730211636859355e+00
1.224258728966591381e+00
1.223012817325093815e+00
1.225192554508801601e+00
1.224037577637118401e+00
1.222600022796123342e+00
1.225309660354031882e+00
1.224601475929633310e+00
1.223642085906629484e+00
1.222192981464521822e+00
1.221197351629991656e+00
1.224534967857184409e+00
1.223665062482065968e+00
1.224277577550237028e+00
1.223811198859738658e+00
1.223099758019060568e+00
1.224106474651091236e+00
1.223978348176626429e+00
1.222440204949925224e+00
1.223746550915996378e+00
1.224227894439522846e+00
1.222905688819538206e+00
1.226386410553394590e+00
1.223760707723108521e+00
1.222319801075779422e+00
1.223851309291378309e+00
1.223285683547001401e+00
1.222826816407246886e+00
1.224437941376162575e+00
1.221154650559363786e+00
1.226213022405851838e+00
1.222974226297226075e+00
1.224350678854392971e+00
1.223163437669804843e+00
1.222722699749990261e+00
1.222877111403228190e+00
1.224353852861424619e+00
1.223126703998544951e+00
1.224139789316726068e+00
1.222100602139651437e+00
1.223640345603365542e+00
1.224621238363702291e+00
1.224498273287618622e+00
1.221846047359764764e+00
1.224712106006741186e+00
1.224660250494592928e+00
1.224316723817300945e+00
1.222771772373897781e+00
1.223918908856570953e+00
1.223191642287319691e+00
1.221868227874235657e+00
1.225085949920051709e+00
1.224701566306335421e+00
1.224757344002274095e+00
1.224695392170781938e+00
1.221507583789852580e+00
1.222833035655651823e+00
1.224758929340676428e+00
1.223844771786923191e+00
1.227207624666815322e+00
1.224348306157439614e+00
1.223162887292813306e+00
1.223480633173884558e+00
1.223942813011108299e+00
1.222225158776688803e+00
1.223541129824054829e+00
1.225404632790325188e+00
1.223920067369699272e+00
1.223600538187489928e+00
1.224787101719037263e+00
1.223801434778196251e+00
1.223271966008902645e+00
1.223655903486090768e+00
1.222730345816429143e+00
1.223373843255332938e+00
1.222831384881934547e+00
1.224538156948782763e+00
1.225286603370805860e+00
1.224387617129800265e+00
1.223489708402094367e+00
1.224323678110364799e+00
1.223719532923485565e+00
1.222604764929168919e+00
1.224793621542117350e+00
1.223777083651515607e+00
1.222087353195346227e+00
1.223268064200719651e+00
1.224443973244009776e+00
1.223609972494512865e+00
1.226438275078859608e+00
